1751209269296
7870809084174
1791120059375
2790930131261
1930224080140
2901012265486
7750723214349
1811225186657
1900610054811
2880929518257
2800903452063
2780515246369
2780717362187
8840131143545
1750423451315
8870930396766
2730304336546
2960715337611
1850210313150
2800306052539
2921218079270
2710410056717
7820902302102
8710913039686
1960316200983
8950616453824
1840516420651
8810601217577
2920125525475
1980910437647
1810704281728
2750227096695
1800221412951
2700817320115
1841125209051
1840717031974
2780608011461
2971229047004
7780919273458
2990131322624
2750713231175
1981216147757
1861022262153
1810523306302
1820413438942
1840107055880
2940719441762
2740718199481
8761016123807
8791110412467
1810130325084
1880310196639
8801015700956
1800424127036
1901116235559
2950309459615
1940524381030
1930513126830
2941020095297
2710827365395
1871221351450
1950618287035
2991009106428
1970226381240
1830703161650
2730912376299
2810224173484
2810515160295
1810425098731
1780727253156
2930831158069
1930922046302
8730128439592
1801106195919
7701028266988
1710407108577
2981214027033
1888511310049
2961211277755
2970101303450
2740106369582
1860928076501
2880111174945
1880619012968
2871012407849
1770305703639
2761128233992
7780421245172
2851219182221
1860224012977
1910513126132
2810515371007
2850810392371
2740630514912
7920703320586
1820122316597
1980405452925
1790525058557
7821031398266
2930222369724
